0, 315.7;
1, 317.45;
2, 317.51;
3, 317.24;
4, 315.86;
5, 314.93;
6, 313.2;
7, 312.43;
8, 313.33;
9, 314.67;
10, 315.58;
11, 316.48;
12, 316.65;
13, 317.72;
14, 318.29;
15, 318.15;
16, 316.54;
17, 314.8;
18, 313.84;
19, 313.33;
20, 314.81;
21, 315.58;
22, 316.43;
23, 316.98;
24, 317.58;
25, 319.03;
26, 320.04;
27, 319.59;
28, 318.18;
29, 315.9;
30, 314.17;
31, 313.83;
32, 315;
33, 316.19;
34, 316.89;
35, 317.7;
36, 318.54;
37, 319.48;
38, 320.58;
39, 319.77;
40, 318.57;
41, 316.79;
42, 314.99;
43, 315.31;
44, 316.1;
45, 317.01;
46, 317.94;
47, 318.55;
48, 319.68;
49, 320.57;
50, 321.02;
51, 320.62;
52, 319.61;
53, 317.4;
54, 316.25;
55, 315.42;
56, 316.69;
57, 317.7;
58, 318.74;
59, 319.07;
60, 319.86;
61, 321.38;
62, 322.25;
63, 321.48;
64, 319.74;
65, 317.77;
66, 316.21;
67, 315.99;
68, 317.07;
69, 318.35;
70, 319.57;
71, 320.01;
72, 320.74;
73, 321.84;
74, 322.26;
75, 321.89;
76, 320.44;
77, 318.69;
78, 316.7;
79, 316.87;
80, 317.68;
81, 318.71;
82, 319.44;
83, 320.44;
84, 320.89;
85, 322.14;
86, 322.17;
87, 321.87;
88, 321.21;
89, 318.87;
90, 317.81;
91, 317.3;
92, 318.87;
93, 319.42;
94, 320.62;
95, 321.6;
96, 322.39;
97, 323.7;
98, 324.08;
99, 323.75;
100, 322.38;
101, 320.36;
102, 318.64;
103, 318.1;
104, 319.78;
105, 321.03;
106, 322.33;
107, 322.5;
108, 323.04;
109, 324.42;
110, 325;
111, 324.09;
112, 322.54;
113, 320.92;
114, 319.25;
115, 319.39;
116, 320.73;
117, 321.96;
118, 322.57;
119, 323.15;
120, 323.89;
121, 325.02;
122, 325.57;
123, 325.36;
124, 324.14;
125, 322.11;
126, 320.33;
127, 320.25;
128, 321.32;
129, 322.89;
130, 324;
131, 324.42;
132, 325.63;
133, 326.66;
134, 327.38;
135, 326.71;
136, 325.88;
137, 323.66;
138, 322.38;
139, 321.78;
140, 322.86;
141, 324.12;
142, 325.06;
143, 325.98;
144, 326.93;
145, 328.13;
146, 328.08;
147, 327.67;
148, 326.34;
149, 324.69;
150, 323.1;
151, 323.06;
152, 324.01;
153, 325.13;
154, 326.17;
155, 326.68;
156, 327.17;
157, 327.79;
158, 328.93;
159, 328.57;
160, 327.36;
161, 325.43;
162, 323.36;
163, 323.56;
164, 324.8;
165, 326.01;
166, 326.77;
167, 327.63;
168, 327.75;
169, 329.72;
170, 330.07;
171, 329.09;
172, 328.04;
173, 326.32;
174, 324.84;
175, 325.2;
176, 326.5;
177, 327.55;
178, 328.55;
179, 329.56;
180, 330.3;
181, 331.5;
182, 332.48;
183, 332.07;
184, 330.87;
185, 329.31;
186, 327.51;
187, 327.18;
188, 328.16;
189, 328.64;
190, 329.35;
191, 330.71;
192, 331.48;
193, 332.65;
194, 333.18;
195, 332.2;
196, 331.07;
197, 329.15;
198, 327.33;
199, 327.28;
200, 328.31;
201, 329.58;
202, 330.73;
203, 331.46;
204, 331.94;
205, 333.11;
206, 333.95;
207, 333.42;
208, 331.97;
209, 329.95;
210, 328.5;
211, 328.36;
212, 329.38;
213, 330.78;
214, 331.56;
215, 332.74;
216, 333.36;
217, 334.74;
218, 334.72;
219, 333.98;
220, 333.08;
221, 330.68;
222, 328.96;
223, 328.72;
224, 330.16;
225, 331.62;
226, 332.68;
227, 333.17;
228, 334.96;
229, 336.14;
230, 336.93;
231, 336.17;
232, 334.89;
233, 332.56;
234, 331.29;
235, 331.28;
236, 332.46;
237, 333.6;
238, 334.94;
239, 335.26;
240, 336.66;
241, 337.69;
242, 338.02;
243, 338.01;
244, 336.5;
245, 334.42;
246, 332.36;
247, 332.45;
248, 333.76;
249, 334.91;
250, 336.14;
251, 336.69;
252, 338.27;
253, 338.82;
254, 339.24;
255, 339.26;
256, 337.54;
257, 335.72;
258, 333.97;
259, 334.24;
260, 335.32;
261, 336.81;
262, 337.9;
263, 338.34;
264, 340.07;
265, 340.93;
266, 341.45;
267, 341.36;
268, 339.45;
269, 337.67;
270, 336.25;
271, 336.14;
272, 337.3;
273, 338.29;
274, 339.29;
275, 340.55;
276, 341.63;
277, 342.6;
278, 343.04;
279, 342.54;
280, 340.82;
281, 338.48;
282, 336.95;
283, 337.05;
284, 338.58;
285, 339.91;
286, 340.93;
287, 341.76;
288, 342.78;
289, 343.96;
290, 344.77;
291, 343.88;
292, 342.42;
293, 340.24;
294, 338.38;
295, 338.41;
296, 339.44;
297, 340.78;
298, 341.57;
299, 342.79;
300, 343.37;
301, 345.39;
302, 346.14;
303, 345.76;
304, 344.32;
305, 342.51;
306, 340.46;
307, 340.53;
308, 341.79;
309, 343.2;
310, 344.21;
311, 344.92;
312, 345.68;
313, 347.38;
314, 347.78;
315, 347.16;
316, 345.79;
317, 343.74;
318, 341.59;
319, 341.86;
320, 343.31;
321, 345;
322, 345.48;
323, 346.42;
324, 347.91;
325, 348.66;
326, 349.28;
327, 348.65;
328, 346.9;
329, 345.26;
330, 343.47;
331, 343.35;
332, 344.73;
333, 346.12;
334, 346.78;
335, 347.48;
336, 348.25;
337, 349.86;
338, 350.52;
339, 349.98;
340, 348.25;
341, 346.17;
342, 345.48;
343, 344.82;
344, 346.22;
345, 347.49;
346, 348.73;
347, 348.92;
348, 349.81;
349, 351.4;
350, 352.15;
351, 351.58;
352, 350.21;
353, 348.2;
354, 346.66;
355, 346.72;
356, 348.08;
357, 349.28;
358, 350.51;
359, 351.7;
360, 352.5;
361, 353.67;
362, 354.35;
363, 353.88;
364, 352.8;
365, 350.49;
366, 348.97;
367, 349.37;
368, 350.42;
369, 351.62;
370, 353.07;
371, 353.43;
372, 354.08;
373, 355.72;
374, 355.95;
375, 355.44;
376, 354.05;
377, 351.84;
378, 350.09;
379, 350.33;
380, 351.55;
381, 352.91;
382, 353.86;
383, 355.1;
384, 355.75;
385, 356.38;
386, 357.38;
387, 356.39;
388, 354.89;
389, 353.06;
390, 351.38;
391, 351.69;
392, 353.14;
393, 354.41;
394, 354.93;
395, 355.82;
396, 357.33;
397, 358.77;
398, 359.23;
399, 358.23;
400, 356.3;
401, 353.97;
402, 352.34;
403, 352.43;
404, 353.89;
405, 355.21;
406, 356.34;
407, 357.21;
408, 357.97;
409, 359.22;
410, 359.71;
411, 359.44;
412, 357.15;
413, 354.99;
414, 353.01;
415, 353.41;
416, 354.42;
417, 355.68;
418, 357.1;
419, 357.42;
420, 358.59;
421, 359.39;
422, 360.3;
423, 359.64;
424, 357.45;
425, 355.76;
426, 354.14;
427, 354.23;
428, 355.53;
429, 357.03;
430, 358.36;
431, 359.04;
432, 360.11;
433, 361.36;
434, 361.78;
435, 360.94;
436, 359.51;
437, 357.59;
438, 355.86;
439, 356.21;
440, 357.65;
441, 359.1;
442, 360.04;
443, 361;
444, 361.98;
445, 363.44;
446, 363.83;
447, 363.33;
448, 361.78;
449, 359.33;
450, 358.32;
451, 358.14;
452, 359.61;
453, 360.82;
454, 362.2;
455, 363.36;
456, 364.28;
457, 364.69;
458, 365.25;
459, 365.06;
460, 363.69;
461, 361.55;
462, 359.69;
463, 359.72;
464, 361.04;
465, 362.39;
466, 363.24;
467, 364.21;
468, 364.65;
469, 366.48;
470, 366.77;
471, 365.73;
472, 364.46;
473, 362.4;
474, 360.44;
475, 360.98;
476, 362.65;
477, 364.51;
478, 365.39;
479, 366.1;
480, 367.36;
481, 368.79;
482, 369.56;
483, 369.13;
484, 367.98;
485, 366.1;
486, 364.16;
487, 364.54;
488, 365.67;
489, 367.3;
490, 368.35;
491, 369.28;
492, 369.84;
493, 371.15;
494, 371.12;
495, 370.46;
496, 369.61;
497, 367.06;
498, 364.95;
499, 365.52;
500, 366.88;
501, 368.26;
502, 369.45;
503, 369.71;
504, 370.75;
505, 371.98;
506, 371.75;
507, 371.87;
508, 370.02;
509, 368.27;
510, 367.15;
511, 367.18;
512, 368.53;
513, 369.83;
514, 370.76;
515, 371.69;
516, 372.63;
517, 373.55;
518, 374.03;
519, 373.4;
520, 371.68;
521, 369.78;
522, 368.34;
523, 368.61;
524, 369.94;
525, 371.42;
526, 372.7;
527, 373.37;
528, 374.3;
529, 375.19;
530, 375.93;
531, 375.69;
532, 374.16;
533, 372.03;
534, 370.92;
535, 370.73;
536, 372.43;
537, 373.98;
538, 375.07;
539, 375.82;
540, 376.64;
541, 377.92;
542, 378.78;
543, 378.46;
544, 376.88;
545, 374.57;
546, 373.34;
547, 373.31;
548, 374.84;
549, 376.17;
550, 377.17;
551, 378.05;
552, 379.06;
553, 380.54;
554, 380.8;
555, 379.87;
556, 377.65;
557, 376.17;
558, 374.43;
559, 374.63;
560, 376.33;
561, 377.68;
562, 378.63;
563, 379.91;
564, 380.95;
565, 382.48;
566, 382.64;
567, 382.4;
568, 380.93;
569, 378.93;
570, 376.89;
571, 377.19;
572, 378.54;
573, 380.31;
574, 381.58;
575, 382.4;
576, 382.86;
577, 384.8;
578, 385.22;
579, 384.24;
580, 382.65;
581, 380.6;
582, 379.04;
583, 379.33;
584, 380.35;
585, 382.02;
586, 383.1;
587, 384.12;
588, 384.81;
589, 386.73;
590, 386.78;
591, 386.33;
592, 384.73;
593, 382.24;
594, 381.2;
595, 381.37;
596, 382.7;
597, 384.19;
598, 385.78;
599, 386.06;
600, 386.28;
601, 387.34;
602, 388.78;
603, 387.99;
604, 386.61;
605, 384.32;
606, 383.41;
607, 383.21;
608, 384.41;
609, 385.79;
610, 387.17;
611, 387.7;
612, 389.04;
613, 389.76;
614, 390.36;
615, 389.7;
616, 388.24;
617, 386.29;
618, 384.95;
619, 384.64;
620, 386.23;
621, 387.63;
622, 388.91;
623, 390.41;
624, 391.37;
625, 392.67;
626, 393.21;
627, 392.38;
628, 390.41;
629, 388.54;
630, 387.03;
631, 387.43;
632, 388.87;
633, 389.99;
634, 391.5;
635, 392.05;
636, 392.8;
637, 393.44;
638, 394.41;
639, 393.95;
640, 392.72;
641, 390.33;
642, 389.28;
643, 389.19;
644, 390.48;
645, 392.06;
646, 393.31;
647, 394.04;
648, 394.59;
649, 396.38;
650, 396.93;
651, 395.91;
652, 394.56;
653, 392.59;
654, 391.32;
655, 391.27;
656, 393.2;
657, 394.57;
658, 395.78;
659, 397.03;
660, 397.66;
661, 398.64;
662, 400.02;
663, 398.81;
664, 397.51;
665, 395.39;
666, 393.72;
667, 393.9;
668, 395.36;
669, 397.03;
670, 398.04;
671, 398.27;
672, 399.91;
673, 401.51;
674, 401.96;
675, 401.43;
676, 399.27;
677, 397.18;
678, 395.54;
679, 396.16;
680, 397.4;
681, 399.08;
682, 400.18;
683, 400.55;
684, 401.74;
685, 403.34;
686, 404.15;
687, 402.97;
688, 401.46;
689, 399.11;
690, 397.82;
691, 398.49;
692, 400.27;
693, 402.06;
694, 402.73;
695, 404.25;
696, 405.06;
697, 407.6;
698, 407.9;
699, 406.99;
700, 404.59;
701, 402.45;
702, 401.23;
703, 401.79;
704, 403.72;
705, 404.64;
706, 406.36;
707, 406.66;
708, 407.54;
709, 409.22;
710, 409.89;
711, 409.08;
712, 407.33;
713, 405.32;
714, 403.57;
715, 403.82;
716, 405.31;
717, 407;
718, 408.15;
719, 408.52;
720, 409.59;
721, 410.45;
722, 411.44;
723, 410.99;
724, 408.9;
725, 407.16;
726, 405.71;
727, 406.19;
728, 408.21;
729, 409.27;
730, 411.03;
731, 411.96;
732, 412.18;
733, 413.54;
734, 414.86;
735, 414.15;
736, 411.96;
737, 410.17;
738, 408.76;
739, 408.74;
740, 410.47;
741, 411.97;
742, 413.59;
743, 414.32;
744, 414.71;
745, 416.42;
746, 417.28;
747, 416.58;
748, 414.58;
749, 412.75;
750, 411.49;
751, 411.48;
752, 413.1;
753, 414.23;
754, 415.49;
755, 416.72;
756, 417.61;
757, 419.01;
758, 419.09;
759, 418.92;
760, 416.9;
761, 414.42;
762, 413.26;
763, 413.9;
764, 414.97;
765, 416.67;
766, 418.13;
767, 419.24;
768, 418.76;
769, 420.19;
770, 420.97;
771, 420.94;
772, 418.85;
773, 417.15;
774, 415.91;
775, 415.74;
776, 417.47;
777, 418.99;
778, 419.48;
779, 420.3;
780, 420.98;
781, 423.35;
782, 424;
783, 423.68;
784, 421.83;
785, 419.68;
786, 418.51;
787, 418.82;
788, 420.46;
789, 421.86;