1, 1.539955;
2, 6.646778;
3, 7.552429;
4, 10.149447;
5, 15.140265;
6, 16.836245;
7, 18.881859;
8, 19.940416;
9, 15.475747;
10, 11.078355;
11, 5.165831;
12, 3.027556;
13, 3.626494;
14, 3.282579;
15, 5.780346;
16, 7.586209;
17, 13.187914;
18, 18.705862;
19, 18.821354;
20, 18.335262;
21, 17.431248;
22, 11.923129;
23, 5.681928;
24, 4.11245;
25, 2.806345;
26, 4.532697;
27, 5.241647;
28, 7.828894;
29, 14.56676;
30, 18.45498;
31, 19.26845;
32, 20.381433;
33, 13.433877;
34, 12.620206;
35, 6.417493;
36, 1.838082;
37, 0.667262;
38, 1.817147;
39, 4.865992;
40, 6.135363;
41, 10.796934;
42, 19.101887;
43, 18.453976;
44, 16.480043;
45, 15.28287;
46, 9.726297;
47, 4.942429;
48, 2.626202;
49, 3.532432;
50, 5.34397;
51, 5.380081;
52, 10.560516;
53, 12.054605;
54, 17.0325;
55, 17.844027;
56, 20.119745;
57, 14.998709;
58, 10.258115;
59, 6.251098;
60, 3.120441;
61, 0.722;
62, 4.112094;
63, 6.704629;
64, 9.785563;
65, 11.118146;
66, 19.97602;
67, 19.06117;
68, 19.225239;
69, 14.20287;
70, 10.955708;
71, 5.308604;
72, 3.831914;
73, 3.812379;
74, -1.769904;
75, 2.476324;
76, 12.536444;
77, 16.229137;
78, 17.87547;
79, 20.517773;
80, 20.10565;
81, 15.288219;
82, 10.909592;
83, 5.331423;
84, 3.97268;
85, -1.995393;
86, 3.018704;
87, 7.372366;
88, 7.55575;
89, 14.292023;
90, 17.938198;
91, 18.203455;
92, 18.015036;
93, 12.910366;
94, 11.257576;
95, 5.17978;
96, 2.763232;
97, 1.129365;
98, 3.39418;
99, 4.113508;
100, 8.04724;
101, 13.83952;
102, 17.119665;
103, 18.76839;
104, 17.901482;
105, 17.052942;
106, 8.569099;
107, 3.923803;
108, 2.277343;
109, 2.243296;
110, 0.847054;
111, 5.31543;
112, 8.598983;
113, 12.494152;
114, 15.956514;
115, 19.563303;
116, 20.026644;
117, 13.084217;
118, 8.515408;
119, 7.605601;
120, 6.59638;
121, 2.203298;
122, 4.458653;
123, 7.157456;
124, 10.968081;
125, 12.541653;
126, 16.273575;
127, 19.450085;
128, 16.094492;
129, 15.073292;
130, 12.007249;
131, 6.603787;
132, 2.792658;
133, 0.266932;
134, -0.640095;
135, 0.14074;
136, 8.243801;
137, 11.899666;
138, 15.810704;
139, 19.68539;
140, 18.151958;
141, 13.407277;
142, 10.769194;
143, 4.71379;
144, 3.634799;
145, 2.000351;
146, -2.405248;
147, 7.165016;
148, 8.300523;
149, 14.391048;
150, 15.609548;
151, 17.543423;
152, 18.628214;
153, 13.835639;
154, 8.874883;
155, 5.308695;
156, 1.597777;
157, 1.060747;
158, 1.040322;
159, 5.126168;
160, 11.851808;
161, 14.089001;
162, 16.695599;
163, 16.245975;
164, 17.88762;
165, 15.390777;
166, 9.559909;
167, 4.65651;
168, 3.97821;
169, -3.572881;
170, -0.35211;
171, 4.360077;
172, 8.931575;
173, 10.570025;
174, 16.55336;
175, 20.60189;
176, 16.871464;
177, 12.559591;
178, 8.272348;
179, 4.846129;
180, -3.55904;
181, -2.023275;
182, 0.675508;
183, 4.478166;
184, 12.079198;
185, 13.795644;
186, 14.979885;
187, 18.195673;
188, 18.90328;
189, 14.881267;
190, 8.303269;
191, 7.510091;
192, 0.419064;
193, 3.762934;
194, 3.932317;
195, 4.375958;
196, 7.803508;
197, 14.725456;
198, 17.164236;
199, 18.2293;
200, 17.573822;
201, 12.62521;
202, 9.247395;
203, 5.175796;
204, 1.171227;
205, 4.856013;
206, 4.105662;
207, 6.417412;
208, 11.837948;
209, 14.347641;
210, 17.56238;
211, 17.406206;
212, 17.050262;
213, 12.765084;
214, 8.528495;
215, 3.761404;
216, 1.656739;
217, -2.520732;
218, -0.247814;
219, 1.616783;
220, 8.22607;
221, 13.22668;
222, 16.977169;
223, 22.223059;
224, 15.694509;
225, 17.164713;
226, 12.32309;
227, 7.183835;
228, 4.520445;
229, 2.111107;
230, -0.910911;
231, 3.801514;
232, 9.453769;
233, 12.905407;
234, 16.51905;
235, 18.184923;
236, 15.957026;
237, 15.272135;
238, 11.215381;
239, 4.284321;
240, 0.943327;
241, -0.093933;
242, 2.564481;
243, 4.240311;
244, 9.479911;
245, 11.646667;
246, 15.332447;
247, 16.906855;
248, 18.64304;
249, 14.269381;
250, 10.255861;
251, 4.298054;
252, 1.116489;
253, -0.281249;
254, -1.802791;
255, 5.553488;
256, 8.530746;
257, 14.196491;
258, 19.356936;
259, 19.184072;
260, 20.752918;
261, 14.175145;
262, 6.07283;
263, 6.152008;
264, 1.885334;
265, 1.16993;
266, 5.142248;
267, 5.502299;
268, 8.078758;
269, 13.757814;
270, 17.356213;
271, 17.752851;
272, 18.907963;
273, 13.338297;
274, 8.356708;
275, 5.58415;
276, 0.31573;
277, 0.794973;
278, 2.290783;
279, 4.191816;
280, 7.134878;
281, 14.332557;
282, 14.291012;
283, 18.568544;
284, 18.744732;
285, 11.852647;
286, 12.645546;
287, 3.814432;
288, -0.202684;
289, 0.988559;
290, 3.916228;
291, 5.239032;
292, 10.152964;
293, 14.675507;
294, 16.887882;
295, 15.244046;
296, 17.747534;
297, 14.024068;
298, 10.661779;
299, 6.170172;
300, 3.122752;
301, 2.577459;
302, 0.340824;
303, 5.463458;
304, 8.937409;
305, 13.692999;
306, 15.132359;
307, 18.96595;
308, 17.292473;
309, 17.07608;
310, 9.113087;
311, 3.457802;
312, 2.153691;
313, 2.385338;
314, 4.38958;
315, 5.021023;
316, 8.860237;
317, 13.981563;
318, 16.44902;
319, 16.417183;
320, 16.854681;
321, 13.422888;
322, 8.713804;
323, 1.532595;
324, 0.983966;
325, -2.775984;
326, 4.166911;
327, 6.00193;
328, 6.395027;
329, 12.659616;
330, 15.742702;
331, 17.145538;
332, 19.975298;
333, 14.026539;
334, 7.848899;
335, 3.923955;
336, 2.124899;
337, -2.945456;
338, -2.235378;
339, 1.039778;
340, 8.491405;
341, 11.066636;
342, 15.55607;
343, 15.858068;
344, 17.254478;
345, 10.992481;
346, 9.339413;
347, 4.531113;
348, -2.307258;
349, 0.208736;
350, 4.651917;
351, 3.247076;
352, 8.436202;
353, 12.242912;
354, 14.254878;
355, 20.16264;
356, 18.459782;
357, 12.777244;
358, 11.921965;
359, 3.012212;
360, -1.865571;
361, 2.968357;
362, -0.13901;
363, 6.414415;
364, 7.985441;
365, 12.490664;
366, 15.840317;
367, 21.366758;
368, 17.966932;
369, 13.366631;
370, 7.789354;
371, 7.330109;
372, 3.620351;
373, 2.395986;
374, -0.806739;
375, 3.68959;
376, 10.366449;
377, 14.577047;
378, 15.499078;
379, 16.11186;
380, 15.84117;
381, 12.350489;
382, 7.967979;
383, 0.362497;
384, 3.151953;
385, 0.793276;
386, 2.803908;
387, 4.861971;
388, 7.746473;
389, 14.280671;
390, 17.09261;
391, 18.54011;
392, 19.161364;
393, 13.473321;
394, 6.479581;
395, 5.321046;
396, 1.182385;
397, 1.38377;
398, -2.576438;
399, 6.389979;
400, 7.010085;
401, 9.315691;
402, 13.349708;
403, 19.013441;
404, 17.997261;
405, 14.969864;
406, 8.310287;
407, 3.827368;
408, 0.600226;
409, 2.395886;
410, 5.856508;
411, 7.097051;
412, 7.430998;
413, 13.845445;
414, 15.128363;
415, 16.541538;
416, 18.388048;
417, 11.806759;
418, 10.306339;
419, 4.424955;
420, 0.644086;
421, 2.350786;
422, 3.35033;
423, 7.107049;
424, 7.184218;
425, 13.768104;
426, 15.278478;
427, 17.683361;
428, 17.08279;
429, 14.625193;
430, 10.578316;
431, 2.783855;
432, 2.384903;
433, 3.50683;
434, 2.096675;
435, 2.761777;
436, 7.993208;
437, 14.199157;
438, 14.969156;
439, 17.105648;
440, 17.120388;
441, 13.385705;
442, 9.744465;
443, 2.984523;
444, 3.371311;
445, -5.98838;
446, -0.476266;
447, -0.361628;
448, 9.103849;
449, 9.667718;
450, 13.874899;
451, 16.878197;
452, 15.614561;
453, 14.692213;
454, 9.380003;
455, 4.88515;
456, 2.061312;
457, 0.056466;
458, -6.425299;
459, 3.026243;
460, 6.262774;
461, 14.1424;
462, 15.801936;
463, 17.06218;
464, 16.351162;
465, 11.449102;
466, 9.697078;
467, 5.807575;
468, 1.945831;
469, -5.612761;
470, -3.064239;
471, 2.806363;
472, 7.680814;
473, 13.324385;
474, 13.528249;
475, 17.38189;
476, 16.420218;
477, 13.6465;
478, 8.900208;
479, 0.828293;
480, 3.653216;
481, 1.071966;
482, -0.30792;
483, 2.080967;
484, 6.824897;
485, 10.750215;
486, 13.714741;
487, 15.781262;
488, 17.188068;
489, 12.374977;
490, 10.292511;
491, 4.862315;
492, 1.096127;
493, 3.95082;
494, -1.646467;
495, 4.530218;
496, 8.578118;
497, 11.27464;
498, 16.195421;
499, 20.268139;
500, 18.23168;
501, 13.876802;
502, 9.230311;
503, 3.438347;
504, 0.598692;
505, -2.321967;
506, -0.125176;
507, 4.297479;
508, 6.589599;
509, 12.434113;
510, 16.256205;
511, 18.851095;
512, 17.423565;
513, 16.009228;
514, 9.694956;
515, 5.858804;
516, 2.216543;
517, -1.415082;
518, -0.303013;
519, 6.891956;
520, 7.934919;
521, 13.236793;
522, 15.336676;
523, 16.462702;
524, 16.650476;
525, 14.249743;
526, 8.236881;
527, 4.663108;
528, -2.184486;
529, -2.646584;
530, 2.250114;
531, 3.362163;
532, 6.168914;
533, 10.708245;
534, 14.805835;
535, 15.243537;
536, 16.90166;
537, 14.223265;
538, 8.195668;
539, 3.12517;
540, 0.681819;
541, -4.596698;
542, -1.752678;
543, 3.727622;
544, 6.484165;
545, 12.411622;
546, 16.676882;
547, 15.453249;
548, 15.718242;
549, 13.411528;
550, 8.670597;
551, 3.74544;
552, 3.898013;
553, 0.872788;
554, -1.278616;
555, 5.117935;
556, 6.760687;
557, 11.699022;
558, 14.878709;
559, 15.648136;
560, 15.396442;
561, 12.44316;
562, 9.311042;
563, 4.235653;
564, 0.368033;
565, 0.562849;
566, 3.253395;
567, 6.407911;
568, 5.809143;
569, 11.815611;
570, 15.591998;
571, 16.630629;
572, 16.191917;
573, 12.244631;
574, 10.416951;
575, 5.348383;
576, 2.184155;
577, 1.359305;
578, 0.59084;
579, 1.607554;
580, 7.19218;
581, 13.052125;
582, 17.501932;
583, 19.608734;
584, 16.537136;
585, 13.082805;
586, 9.803529;
587, 5.039544;
588, -0.851885;
589, 4.585986;
590, 1.560993;
591, 3.84051;
592, 6.966075;
593, 11.927138;
594, 14.811992;
595, 18.404352;
596, 19.175041;
597, 15.833934;
598, 7.551188;
599, 3.214396;
600, 1.277319;
601, 3.402758;
602, 3.360942;
603, 5.815471;
604, 8.236541;
605, 11.16724;
606, 14.230545;
607, 15.538322;
608, 17.459509;
609, 13.536594;
610, 5.778331;
611, 5.012282;
612, 4.9796;
613, 0.121494;
614, 1.235457;
615, 4.287458;
616, 5.367819;
617, 12.703712;
618, 16.271524;
619, 17.449467;
620, 18.0661;
621, 14.591883;
622, 7.618416;
623, 3.513024;
624, 0.307114;
625, -2.126978;
626, 2.122482;
627, 5.69363;
628, 7.414244;
629, 11.587045;
630, 14.637447;
631, 17.883091;
632, 16.085585;
633, 11.065598;
634, 7.138984;
635, 4.446815;
636, 0.780444;
637, -0.931325;
638, 1.588873;
639, 1.208149;
640, 8.557701;
641, 14.151958;
642, 14.11202;
643, 18.207363;
644, 18.246235;
645, 12.537301;
646, 9.367111;
647, 3.728647;
648, 3.704977;
649, -2.498218;
650, -1.034875;
651, 1.367073;
652, 5.648077;
653, 11.631313;
654, 17.356802;
655, 16.361345;
656, 17.079683;
657, 13.591166;
658, 9.212241;
659, 5.940773;
660, 0.585123;
661, 0.528683;
662, -1.902046;
663, 1.033821;
664, 7.268783;
665, 13.123294;
666, 14.965009;
667, 18.676058;
668, 16.850323;
669, 14.189786;
670, 10.335373;
671, 5.318511;
672, -4.644626;
673, -0.926404;
674, 0.857629;
675, 4.78865;
676, 9.281864;
677, 11.095282;
678, 16.16666;
679, 16.438656;
680, 16.706491;
681, 13.784537;
682, 10.45806;
683, 3.889209;
684, -1.917266;
685, 0.889724;
686, 3.048773;
687, 5.753114;
688, 6.745005;
689, 12.766744;
690, 14.943189;
691, 18.88462;
692, 16.781666;
693, 14.136716;
694, 11.568566;
695, 4.012872;
696, 0.487387;
697, -2.55252;
698, 3.722565;
699, 3.629915;
700, 8.92373;
701, 13.227091;
702, 17.106852;
703, 15.863848;
704, 15.939312;
705, 13.620657;
706, 11.427998;
707, 2.280824;
708, 2.124437;
709, 1.405977;
710, -1.558656;
711, 2.666946;
712, 7.064711;
713, 11.376085;
714, 15.670086;
715, 15.347879;
716, 15.38065;
717, 13.091503;
718, 8.610105;
719, 1.498896;
720, 2.81494;
721, -2.66122;
722, 0.713027;
723, 0.861989;
724, 8.945544;
725, 13.805612;
726, 17.178154;
727, 18.354298;
728, 16.401983;
729, 14.063601;
730, 7.424908;
731, 5.149455;
732, 0.495443;
733, -7.269345;
734, -5.573372;
735, 2.718967;
736, 8.74365;
737, 12.186491;
738, 16.011305;
739, 18.023521;
740, 16.377838;
741, 14.223588;
742, 8.499865;
743, 7.607787;
744, -3.110561;
745, 1.863838;
746, 0.524213;
747, 0.514125;
748, 8.561461;
749, 10.00261;
750, 14.314496;
751, 15.290988;
752, 16.310452;
753, 12.806284;
754, 9.408764;
755, 2.806881;
756, -3.303288;
757, -0.725017;
758, 4.59078;
759, 6.488963;
760, 10.891521;
761, 10.594926;
762, 16.19181;
763, 15.542103;
764, 16.1706;
765, 16.767914;
766, 10.93163;
767, 3.862676;
768, -0.617837;
769, 0.141369;
770, 0.534179;
771, 4.570402;
772, 7.693809;
773, 12.976832;
774, 16.452984;
775, 15.730698;
776, 16.204678;
777, 12.882549;
778, 9.352306;
779, 6.219913;
780, 1.236704;
781, -0.116038;
782, -0.148791;
783, 6.338524;
784, 9.586491;
785, 12.792577;
786, 16.294926;
787, 19.499872;
788, 17.57298;
789, 13.898932;
790, 8.749527;
791, 3.254048;
792, 2.235372;
793, -0.421879;
794, 1.968528;
795, -0.275784;
796, 5.257608;
797, 13.483042;
798, 14.651037;
799, 17.184416;
800, 17.151499;
801, 14.65928;
802, 9.444801;
803, 4.322085;
804, 2.447845;
805, 0.217203;
806, -9.977055;
807, 2.971595;
808, 5.255665;
809, 12.558229;
810, 13.354864;
811, 17.021317;
812, 14.385477;
813, 13.840714;
814, 8.354337;
815, 2.482791;
816, 1.977426;
817, -3.254344;
818, -3.696044;
819, 4.462193;
820, 5.867049;
821, 12.237287;
822, 16.123976;
823, 14.560875;
824, 15.973273;
825, 13.680691;
826, 10.041294;
827, 4.032269;
828, 3.201505;
829, 0.187323;
830, -0.054818;
831, 2.629372;
832, 10.389263;
833, 12.350787;
834, 15.334857;
835, 18.411776;
836, 18.011732;
837, 10.633231;
838, 7.282566;
839, 1.667464;
840, -0.594062;
841, 0.129954;
842, 3.935786;
843, 6.436402;
844, 7.499947;
845, 9.850443;
846, 16.850164;
847, 17.946112;
848, 15.374634;
849, 12.005903;
850, 9.191282;
851, 4.676435;
852, 0.410032;
853, -1.864191;
854, -1.961799;
855, 0.381635;
856, 6.898544;
857, 10.368385;
858, 14.587958;
859, 17.477322;
860, 16.959631;
861, 13.527329;
862, 7.986595;
863, 3.734162;
864, 2.504;
865, -0.881841;
866, -0.060099;
867, 4.989328;
868, 9.158531;
869, 13.297674;
870, 16.189346;
871, 17.68495;
872, 16.681276;
873, 13.731031;
874, 10.542538;
875, 4.849489;
876, 2.501432;
877, 1.430572;
878, 1.972033;
879, 2.388841;
880, 7.406067;
881, 11.544678;
882, 15.409606;
883, 17.23459;
884, 17.536549;
885, 14.767192;
886, 7.564383;
887, 6.527287;
888, 2.470397;
889, -0.99476;
890, 3.061355;
891, 4.984322;
892, 6.919163;
893, 13.779639;
894, 17.631556;
895, 18.170187;
896, 17.786829;
897, 13.217996;
898, 8.03817;
899, 4.233823;